1,2583,
2,2443,
3,2369,
4,2208,
5,2239,
6,2176,
7,2064,
8,1997,
9,1962,
10,1906,
11,1895,
12,1888,
13,1857,
14,1842,
15,1854,
16,1842,
17,1822,
18,1785,
19,1792,
20,1796,
21,1795,
22,1782,
23,1752,
24,1718,
25,1641,
26,1585,
27,1574,
28,1609,
29,1564,
30,1572,
31,1564,
32,1536,
33,1503,
34,1499,
35,1484,
36,1473,
37,1438,
38,1400,
39,1279,
40,1262,
41,1235,
42,1234,
43,1251,
44,1224,
45,1221,
46,1211,
47,1231,
48,1218,
49,1157,
50,1125,
51,1110,
52,1155,
53,1010,
54,1007,
55,999,
56,1020,
57,1007,
58,1011,
59,1049,
60,1018,
61,1027,
62,1038,
63,992,
64,996,
65,1003,
66,994,
67,985,
68,977,
69,961,
70,940,
71,893,
72,884,
73,845,
74,784,
75,778,
76,777,
77,771,
78,788,
79,819,
80,821,
81,804,
82,787,
83,783,
84,741,
85,753,
86,673,
87,629,
88,630,
89,627,
90,615,
91,619,
92,614,
93,619,
94,619,
95,620,
96,620,
97,622,
98,627,
99,600,
====
1,2633,
2,2574,
3,2483,
4,2330,
5,2285,
6,2235,
7,2179,
8,2119,
9,2103,
10,2082,
11,2031,
12,1993,
13,1957,
14,1925,
15,1937,
16,1872,
17,1828,
18,1778,
19,1774,
20,1761,
21,1707,
22,1695,
23,1674,
24,1675,
25,1639,
26,1617,
27,1517,
28,1514,
29,1551,
30,1552,
31,1561,
32,1532,
33,1454,
34,1440,
35,1426,
36,1419,
37,1404,
38,1380,
39,1380,
40,1363,
41,1392,
42,1392,
43,1382,
44,1373,
45,1380,
46,1378,
47,1335,
48,1269,
49,1259,
50,1246,
51,1226,
52,1195,
53,1143,
54,1144,
55,1079,
56,1124,
57,1134,
58,1085,
59,1148,
60,1180,
61,1189,
62,1152,
63,1125,
64,1146,
65,1109,
66,1134,
67,1129,
68,1093,
69,1076,
70,1075,
71,1076,
72,1038,
73,992,
74,984,
75,1048,
76,1017,
77,1023,
78,1046,
79,1042,
80,1035,
81,1024,
82,1073,
83,1033,
84,1033,
85,1023,
86,1015,
87,1010,
88,972,
89,934,
90,911,
91,901,
92,944,
93,944,
94,957,
95,954,
96,958,
97,957,
98,954,
99,938,
====
1,2560,
2,2440,
3,2307,
4,2198,
5,2101,
6,1962,
7,1965,
8,1922,
9,1901,
10,1915,
11,1870,
12,1808,
13,1765,
14,1623,
15,1551,
16,1441,
17,1434,
18,1396,
19,1295,
20,1255,
21,1239,
22,1253,
23,1259,
24,1237,
25,1220,
26,1249,
27,1252,
28,1242,
29,1176,
30,1145,
31,1136,
32,1130,
33,1148,
34,1108,
35,1134,
36,1100,
37,1032,
38,1074,
39,1086,
40,1120,
41,1154,
42,1148,
43,1148,
44,1134,
45,1074,
46,1069,
47,975,
48,838,
49,799,
50,826,
51,789,
52,783,
53,804,
54,760,
55,756,
56,746,
57,669,
58,654,
59,630,
60,604,
61,601,
62,598,
63,597,
64,611,
65,606,
66,615,
67,591,
68,609,
69,599,
70,565,
71,565,
72,560,
73,572,
74,594,
75,587,
76,595,
77,573,
78,573,
79,580,
80,584,
81,582,
82,573,
83,559,
84,559,
85,559,
86,555,
87,562,
88,549,
89,549,
90,572,
91,559,
92,551,
93,549,
94,544,
95,544,
96,548,
97,548,
98,536,
99,536,
====
1,2611,
2,2567,
3,2479,
4,2465,
5,2284,
6,2238,
7,2118,
8,2093,
9,2096,
10,2059,
11,2005,
12,2001,
13,2021,
14,2067,
15,2080,
16,1999,
17,1981,
18,1855,
19,1800,
20,1792,
21,1789,
22,1717,
23,1666,
24,1646,
25,1680,
26,1719,
27,1645,
28,1633,
29,1588,
30,1570,
31,1569,
32,1491,
33,1379,
34,1295,
35,1262,
36,1253,
37,1199,
38,1210,
39,1170,
40,1122,
41,1121,
42,1079,
43,1088,
44,1034,
45,1007,
46,991,
47,1004,
48,1030,
49,1035,
50,999,
51,987,
52,980,
53,975,
54,975,
55,988,
56,987,
57,947,
58,945,
59,939,
60,931,
61,917,
62,932,
63,846,
64,925,
65,924,
66,914,
67,899,
68,911,
69,944,
70,949,
71,942,
72,897,
73,903,
74,907,
75,973,
76,941,
77,948,
78,936,
79,942,
80,937,
81,945,
82,966,
83,962,
84,969,
85,953,
86,952,
87,960,
88,964,
89,957,
90,967,
91,963,
92,931,
93,910,
94,910,
95,924,
96,925,
97,924,
98,930,
99,898,
====
1,2596,
2,2503,
3,2397,
4,2301,
5,2325,
6,2283,
7,2257,
8,2137,
9,2064,
10,1944,
11,1899,
12,1899,
13,1834,
14,1803,
15,1794,
16,1787,
17,1814,
18,1794,
19,1720,
20,1724,
21,1734,
22,1682,
23,1496,
24,1467,
25,1425,
26,1347,
27,1350,
28,1309,
29,1259,
30,1256,
31,1175,
32,1154,
33,1155,
34,1154,
35,1106,
36,1087,
37,1041,
38,1022,
39,992,
40,1009,
41,1015,
42,1004,
43,940,
44,966,
45,938,
46,889,
47,848,
48,840,
49,840,
50,836,
51,830,
52,827,
53,841,
54,784,
55,791,
56,763,
57,763,
58,765,
59,769,
60,762,
61,770,
62,792,
63,786,
64,771,
65,771,
66,761,
67,759,
68,755,
69,742,
70,750,
71,750,
72,737,
73,711,
74,720,
75,687,
76,703,
77,698,
78,713,
79,719,
80,728,
81,728,
82,719,
83,721,
84,713,
85,712,
86,728,
87,755,
88,728,
89,715,
90,701,
91,691,
92,687,
93,688,
94,685,
95,685,
96,679,
97,678,
98,669,
99,602,
====
1,2606,
2,2497,
3,2413,
4,2426,
5,2351,
6,2315,
7,2337,
8,2275,
9,2204,
10,2222,
11,2179,
12,2125,
13,1979,
14,1925,
15,1822,
16,1792,
17,1806,
18,1776,
19,1762,
20,1760,
21,1769,
22,1756,
23,1738,
24,1744,
25,1803,
26,1798,
27,1787,
28,1789,
29,1791,
30,1759,
31,1751,
32,1749,
33,1732,
34,1721,
35,1720,
36,1698,
37,1679,
38,1702,
39,1689,
40,1564,
41,1558,
42,1521,
43,1571,
44,1549,
45,1547,
46,1542,
47,1547,
48,1521,
49,1531,
50,1547,
51,1532,
52,1570,
53,1555,
54,1565,
55,1581,
56,1608,
57,1571,
58,1551,
59,1528,
60,1532,
61,1525,
62,1525,
63,1525,
64,1522,
65,1521,
66,1510,
67,1489,
68,1477,
69,1442,
70,1414,
71,1393,
72,1449,
73,1494,
74,1487,
75,1497,
76,1573,
77,1546,
78,1535,
79,1533,
80,1513,
81,1482,
82,1498,
83,1494,
84,1497,
85,1497,
86,1497,
87,1487,
88,1493,
89,1517,
90,1519,
91,1520,
92,1508,
93,1504,
94,1470,
95,1467,
96,1468,
97,1477,
98,1478,
99,1487,
====
1,2558,
2,2393,
3,2230,
4,2100,
5,1949,
6,1949,
7,1922,
8,1868,
9,1812,
10,1831,
11,1721,
12,1656,
13,1645,
14,1643,
15,1601,
16,1594,
17,1557,
18,1547,
19,1519,
20,1463,
21,1444,
22,1506,
23,1480,
24,1412,
25,1437,
26,1411,
27,1375,
28,1363,
29,1333,
30,1285,
31,1243,
32,1267,
33,1192,
34,1214,
35,1172,
36,1112,
37,1044,
38,1030,
39,1063,
40,1006,
41,986,
42,927,
43,929,
44,884,
45,789,
46,783,
47,773,
48,768,
49,773,
50,771,
51,679,
52,669,
53,671,
54,627,
55,599,
56,612,
57,629,
58,643,
59,640,
60,595,
61,609,
62,565,
63,622,
64,608,
65,639,
66,611,
67,645,
68,658,
69,654,
70,616,
71,616,
72,605,
73,615,
74,611,
75,604,
76,585,
77,585,
78,581,
79,593,
80,609,
81,648,
82,639,
83,638,
84,644,
85,648,
86,635,
87,639,
88,621,
89,611,
90,629,
91,604,
92,589,
93,586,
94,559,
95,554,
96,537,
97,550,
98,514,
99,504,
====
1,2648,
2,2606,
3,2595,
4,2569,
5,2514,
6,2468,
7,2426,
8,2415,
9,2388,
10,2398,
11,2315,
12,2100,
13,2037,
14,1964,
15,1933,
16,1869,
17,1827,
18,1753,
19,1734,
20,1646,
21,1616,
22,1525,
23,1522,
24,1434,
25,1441,
26,1445,
27,1415,
28,1413,
29,1408,
30,1334,
31,1355,
32,1313,
33,1317,
34,1298,
35,1360,
36,1429,
37,1367,
38,1274,
39,1253,
40,1281,
41,1291,
42,1273,
43,1312,
44,1292,
45,1285,
46,1267,
47,1249,
48,1225,
49,1219,
50,1203,
51,1112,
52,1077,
53,1069,
54,1073,
55,1082,
56,1087,
57,1089,
58,1110,
59,1073,
60,1061,
61,1010,
62,1009,
63,1006,
64,949,
65,948,
66,972,
67,992,
68,970,
69,942,
70,901,
71,849,
72,878,
73,832,
74,863,
75,867,
76,872,
77,838,
78,826,
79,801,
80,792,
81,786,
82,780,
83,753,
84,748,
85,802,
86,793,
87,838,
88,886,
89,879,
90,864,
91,867,
92,824,
93,815,
94,806,
95,793,
96,790,
97,791,
98,789,
99,781,
====
1,2628,
2,2538,
3,2461,
4,2403,
5,2280,
6,2155,
7,2094,
8,1980,
9,1939,
10,1888,
11,1911,
12,1855,
13,1831,
14,1752,
15,1769,
16,1784,
17,1733,
18,1704,
19,1732,
20,1677,
21,1713,
22,1693,
23,1640,
24,1615,
25,1593,
26,1606,
27,1546,
28,1500,
29,1475,
30,1459,
31,1457,
32,1417,
33,1457,
34,1451,
35,1340,
36,1328,
37,1317,
38,1318,
39,1287,
40,1275,
41,1266,
42,1241,
43,1238,
44,1240,
45,1207,
46,1216,
47,1220,
48,1280,
49,1257,
50,1199,
51,1188,
52,1212,
53,1175,
54,1138,
55,1119,
56,1094,
57,1081,
58,1072,
59,1039,
60,1043,
61,1031,
62,1036,
63,1018,
64,1032,
65,1010,
66,975,
67,1003,
68,957,
69,958,
70,1012,
71,1001,
72,994,
73,973,
74,936,
75,936,
76,923,
77,938,
78,890,
79,884,
80,912,
81,968,
82,965,
83,919,
84,891,
85,892,
86,894,
87,909,
88,899,
89,930,
90,949,
91,942,
92,918,
93,940,
94,975,
95,942,
96,942,
97,927,
98,918,
99,916,
====
1,2636,
2,2480,
3,2443,
4,2370,
5,2245,
6,2216,
7,2200,
8,2197,
9,2195,
10,2125,
11,2140,
12,2059,
13,1998,
14,1904,
15,1876,
16,1776,
17,1760,
18,1713,
19,1690,
20,1656,
21,1632,
22,1562,
23,1536,
24,1497,
25,1404,
26,1409,
27,1420,
28,1406,
29,1388,
30,1317,
31,1305,
32,1304,
33,1309,
34,1261,
35,1193,
36,1168,
37,1176,
38,1168,
39,1170,
40,1115,
41,1129,
42,1128,
43,1148,
44,1169,
45,1143,
46,1089,
47,1089,
48,1077,
49,1019,
50,1036,
51,1035,
52,1005,
53,936,
54,926,
55,929,
56,906,
57,875,
58,873,
59,872,
60,881,
61,867,
62,848,
63,849,
64,860,
65,850,
66,858,
67,871,
68,866,
69,913,
70,915,
71,934,
72,940,
73,924,
74,926,
75,932,
76,951,
77,947,
78,947,
79,927,
80,925,
81,894,
82,913,
83,914,
84,904,
85,893,
86,890,
87,890,
88,890,
89,894,
90,886,
91,897,
92,892,
93,892,
94,886,
95,890,
96,870,
97,830,
98,825,
99,744,
====
1,2608,
2,2505,
3,2409,
4,2355,
5,2348,
6,2250,
7,2133,
8,2120,
9,2086,
10,2028,
11,2011,
12,2018,
13,2074,
14,2043,
15,2025,
16,1970,
17,1995,
18,1894,
19,1857,
20,1771,
21,1730,
22,1725,
23,1642,
24,1571,
25,1578,
26,1581,
27,1554,
28,1482,
29,1485,
30,1396,
31,1366,
32,1360,
33,1358,
34,1347,
35,1329,
36,1272,
37,1268,
38,1236,
39,1232,
40,1213,
41,1211,
42,1215,
43,1252,
44,1230,
45,1107,
46,1103,
47,1064,
48,1055,
49,1016,
50,1018,
51,999,
52,966,
53,966,
54,955,
55,931,
56,892,
57,888,
58,869,
59,864,
60,863,
61,901,
62,893,
63,882,
64,835,
65,834,
66,834,
67,824,
68,826,
69,725,
70,723,
71,669,
72,665,
73,656,
74,648,
75,672,
76,662,
77,653,
78,650,
79,642,
80,581,
81,593,
82,619,
83,633,
84,632,
85,624,
86,625,
87,656,
88,628,
89,628,
90,602,
91,598,
92,597,
93,589,
94,608,
95,608,
96,597,
97,614,
98,611,
99,640,
====
1,2512,
2,2390,
3,2317,
4,2264,
5,2271,
6,2280,
7,2221,
8,2187,
9,2170,
10,2122,
11,2153,
12,2017,
13,2003,
14,1963,
15,1907,
16,1839,
17,1812,
18,1748,
19,1743,
20,1675,
21,1676,
22,1562,
23,1491,
24,1433,
25,1352,
26,1351,
27,1331,
28,1308,
29,1308,
30,1302,
31,1262,
32,1241,
33,1244,
34,1233,
35,1219,
36,1156,
37,1123,
38,1140,
39,1053,
40,1056,
41,1078,
42,1074,
43,1082,
44,1055,
45,1044,
46,1047,
47,1024,
48,1027,
49,1025,
50,1026,
51,1023,
52,996,
53,988,
54,988,
55,964,
56,961,
57,955,
58,963,
59,978,
60,977,
61,980,
62,946,
63,948,
64,991,
65,916,
66,883,
67,883,
68,913,
69,882,
70,882,
71,858,
72,845,
73,828,
74,881,
75,881,
76,881,
77,888,
78,865,
79,791,
80,784,
81,788,
82,766,
83,792,
84,788,
85,784,
86,775,
87,790,
88,801,
89,785,
90,784,
91,793,
92,805,
93,811,
94,814,
95,827,
96,791,
97,793,
98,781,
99,765,
====
1,2542,
2,2494,
3,2467,
4,2417,
5,2375,
6,2357,
7,2354,
8,2314,
9,2268,
10,2247,
11,2261,
12,2209,
13,2146,
14,2078,
15,2018,
16,2044,
17,2048,
18,1981,
19,1928,
20,1787,
21,1744,
22,1762,
23,1685,
24,1670,
25,1592,
26,1551,
27,1534,
28,1530,
29,1466,
30,1378,
31,1279,
32,1232,
33,1216,
34,1203,
35,1175,
36,1172,
37,1103,
38,1145,
39,1110,
40,1067,
41,1060,
42,1010,
43,998,
44,1010,
45,949,
46,970,
47,969,
48,980,
49,980,
50,991,
51,958,
52,963,
53,947,
54,918,
55,889,
56,956,
57,952,
58,952,
59,882,
60,884,
61,808,
62,783,
63,838,
64,808,
65,760,
66,765,
67,785,
68,757,
69,773,
70,765,
71,773,
72,772,
73,773,
74,772,
75,769,
76,736,
77,733,
78,730,
79,703,
80,680,
81,678,
82,676,
83,676,
84,672,
85,665,
86,665,
87,675,
88,659,
89,657,
90,650,
91,650,
92,653,
93,634,
94,650,
95,650,
96,652,
97,658,
98,657,
99,661,
====
1,2469,
2,2425,
3,2393,
4,2337,
5,2345,
6,2225,
7,2159,
8,2124,
9,2039,
10,2025,
11,2033,
12,2017,
13,1949,
14,1874,
15,1896,
16,1879,
17,1913,
18,1876,
19,1867,
20,1833,
21,1781,
22,1741,
23,1736,
24,1750,
25,1682,
26,1653,
27,1601,
28,1620,
29,1591,
30,1610,
31,1560,
32,1541,
33,1496,
34,1480,
35,1515,
36,1502,
37,1481,
38,1426,
39,1431,
40,1420,
41,1430,
42,1447,
43,1476,
44,1442,
45,1421,
46,1391,
47,1327,
48,1298,
49,1240,
50,1238,
51,1231,
52,1197,
53,1238,
54,1254,
55,1213,
56,1081,
57,1077,
58,1031,
59,1003,
60,888,
61,917,
62,921,
63,883,
64,894,
65,887,
66,899,
67,902,
68,875,
69,844,
70,798,
71,789,
72,780,
73,762,
74,765,
75,747,
76,724,
77,728,
78,720,
79,717,
80,716,
81,742,
82,729,
83,727,
84,753,
85,753,
86,740,
87,746,
88,732,
89,740,
90,698,
91,736,
92,741,
93,715,
94,694,
95,694,
96,655,
97,654,
98,651,
99,655,
====
1,2484,
2,2404,
3,2361,
4,2322,
5,2275,
6,2216,
7,2196,
8,2170,
9,2061,
10,2060,
11,2032,
12,2068,
13,2031,
14,1965,
15,1956,
16,1854,
17,1819,
18,1791,
19,1796,
20,1786,
21,1747,
22,1762,
23,1737,
24,1688,
25,1666,
26,1697,
27,1674,
28,1683,
29,1641,
30,1545,
31,1487,
32,1436,
33,1374,
34,1348,
35,1380,
36,1335,
37,1303,
38,1356,
39,1376,
40,1447,
41,1428,
42,1372,
43,1399,
44,1337,
45,1288,
46,1325,
47,1335,
48,1344,
49,1333,
50,1311,
51,1299,
52,1270,
53,1242,
54,1270,
55,1308,
56,1297,
57,1299,
58,1318,
59,1309,
60,1277,
61,1281,
62,1290,
63,1279,
64,1284,
65,1319,
66,1295,
67,1283,
68,1246,
69,1303,
70,1320,
71,1316,
72,1256,
73,1281,
74,1277,
75,1249,
76,1259,
77,1254,
78,1230,
79,1222,
80,1241,
81,1209,
82,1194,
83,1216,
84,1184,
85,1171,
86,1170,
87,1140,
88,1134,
89,1151,
90,1131,
91,1130,
92,1132,
93,1130,
94,1139,
95,1115,
96,1155,
97,1152,
98,1171,
99,1215,
====
1,2487,
2,2407,
3,2346,
4,2242,
5,2135,
6,2062,
7,2014,
8,1973,
9,1966,
10,1949,
11,1970,
12,2003,
13,1901,
14,1907,
15,1888,
16,1867,
17,1806,
18,1844,
19,1789,
20,1772,
21,1723,
22,1755,
23,1723,
24,1708,
25,1713,
26,1753,
27,1716,
28,1706,
29,1674,
30,1681,
31,1638,
32,1572,
33,1580,
34,1580,
35,1581,
36,1569,
37,1568,
38,1562,
39,1495,
40,1496,
41,1459,
42,1410,
43,1362,
44,1336,
45,1314,
46,1297,
47,1274,
48,1302,
49,1331,
50,1342,
51,1348,
52,1350,
53,1293,
54,1275,
55,1257,
56,1252,
57,1239,
58,1245,
59,1241,
60,1243,
61,1241,
62,1185,
63,1108,
64,1130,
65,1122,
66,1101,
67,1082,
68,1080,
69,1070,
70,1079,
71,1109,
72,1098,
73,1085,
74,1026,
75,927,
76,868,
77,830,
78,813,
79,807,
80,800,
81,769,
82,775,
83,760,
84,773,
85,754,
86,764,
87,773,
88,813,
89,756,
90,751,
91,751,
92,752,
93,734,
94,727,
95,731,
96,739,
97,734,
98,730,
99,726,
====
1,2638,
2,2503,
3,2411,
4,2346,
5,2271,
6,2220,
7,2228,
8,2174,
9,2134,
10,2132,
11,2114,
12,2093,
13,2075,
14,1996,
15,1896,
16,1782,
17,1742,
18,1813,
19,1845,
20,1857,
21,1880,
22,1840,
23,1898,
24,1909,
25,1903,
26,1878,
27,1838,
28,1767,
29,1698,
30,1694,
31,1664,
32,1690,
33,1707,
34,1704,
35,1648,
36,1686,
37,1634,
38,1583,
39,1611,
40,1606,
41,1580,
42,1586,
43,1541,
44,1419,
45,1401,
46,1372,
47,1373,
48,1363,
49,1283,
50,1316,
51,1235,
52,1176,
53,1235,
54,1211,
55,1212,
56,1199,
57,1215,
58,1236,
59,1116,
60,1131,
61,1128,
62,1118,
63,1099,
64,1080,
65,1094,
66,1088,
67,982,
68,994,
69,969,
70,976,
71,968,
72,1008,
73,990,
74,982,
75,981,
76,1002,
77,1007,
78,1022,
79,1011,
80,978,
81,980,
82,984,
83,987,
84,987,
85,969,
86,961,
87,997,
88,1008,
89,987,
90,990,
91,987,
92,994,
93,995,
94,985,
95,992,
96,962,
97,963,
98,948,
99,966,
====
1,2550,
2,2483,
3,2432,
4,2406,
5,2336,
6,2158,
7,2071,
8,2065,
9,1956,
10,1892,
11,1885,
12,1766,
13,1682,
14,1690,
15,1658,
16,1597,
17,1581,
18,1592,
19,1535,
20,1563,
21,1584,
22,1514,
23,1522,
24,1512,
25,1470,
26,1450,
27,1431,
28,1342,
29,1337,
30,1303,
31,1219,
32,1193,
33,1188,
34,1117,
35,1122,
36,1120,
37,1085,
38,1074,
39,1026,
40,1068,
41,1045,
42,1041,
43,1047,
44,1049,
45,1056,
46,1056,
47,1064,
48,983,
49,983,
50,981,
51,1081,
52,1064,
53,1017,
54,980,
55,933,
56,922,
57,959,
58,950,
59,958,
60,974,
61,993,
62,995,
63,999,
64,964,
65,949,
66,914,
67,913,
68,914,
69,923,
70,923,
71,911,
72,898,
73,920,
74,910,
75,935,
76,947,
77,932,
78,902,
79,895,
80,880,
81,841,
82,870,
83,902,
84,928,
85,902,
86,889,
87,898,
88,867,
89,850,
90,848,
91,854,
92,856,
93,856,
94,838,
95,854,
96,844,
97,843,
98,889,
99,890,
====
1,2575,
2,2492,
3,2445,
4,2245,
5,2191,
6,2104,
7,2016,
8,2052,
9,2044,
10,1976,
11,1986,
12,1889,
13,1891,
14,1834,
15,1820,
16,1768,
17,1786,
18,1780,
19,1750,
20,1757,
21,1680,
22,1687,
23,1689,
24,1635,
25,1628,
26,1492,
27,1479,
28,1476,
29,1431,
30,1398,
31,1406,
32,1424,
33,1444,
34,1438,
35,1480,
36,1456,
37,1450,
38,1414,
39,1371,
40,1352,
41,1332,
42,1295,
43,1215,
44,1180,
45,1195,
46,1230,
47,1212,
48,1243,
49,1235,
50,1219,
51,1209,
52,1214,
53,1208,
54,1200,
55,1216,
56,1205,
57,1221,
58,1239,
59,1204,
60,1228,
61,1224,
62,1187,
63,1186,
64,1185,
65,1176,
66,1179,
67,1156,
68,1135,
69,1113,
70,1106,
71,1115,
72,1089,
73,1091,
74,1072,
75,1070,
76,1065,
77,1085,
78,1081,
79,1094,
80,970,
81,944,
82,951,
83,967,
84,964,
85,952,
86,1004,
87,961,
88,927,
89,925,
90,902,
91,904,
92,926,
93,950,
94,870,
95,881,
96,866,
97,876,
98,922,
99,921,
====
1,2591,
2,2511,
3,2441,
4,2358,
5,2355,
6,2345,
7,2273,
8,2131,
9,2123,
10,2140,
11,2095,
12,2075,
13,2023,
14,1994,
15,2048,
16,1996,
17,1980,
18,1981,
19,1990,
20,1960,
21,1899,
22,1864,
23,1827,
24,1829,
25,1819,
26,1828,
27,1816,
28,1767,
29,1733,
30,1721,
31,1743,
32,1742,
33,1707,
34,1721,
35,1738,
36,1697,
37,1647,
38,1579,
39,1570,
40,1601,
41,1605,
42,1608,
43,1608,
44,1534,
45,1561,
46,1512,
47,1472,
48,1454,
49,1464,
50,1442,
51,1460,
52,1425,
53,1438,
54,1433,
55,1401,
56,1354,
57,1199,
58,1198,
59,1173,
60,1151,
61,1120,
62,1130,
63,1079,
64,1070,
65,1047,
66,1063,
67,1040,
68,991,
69,980,
70,984,
71,960,
72,958,
73,958,
74,958,
75,957,
76,956,
77,991,
78,995,
79,977,
80,996,
81,955,
82,915,
83,919,
84,914,
85,911,
86,911,
87,911,
88,889,
89,873,
90,880,
91,886,
92,878,
93,857,
94,850,
95,834,
96,828,
97,793,
98,785,
99,765,
====
